0004	masculin
0005	féminin
0014	féminin
0015	
0016	
0020	féminin
0024	féminin
0025	
0026	
0033	masculin
0035	
0036	
0058	masculin
0068	
0069	
0070	
0074	
0075	masculin
0076	
0081	
0082	
0088	
0089	
0093	masculin
0094	
0095	
0096	masculin
0099	
0100	
0101	féminin
0103	
1001	masculin
1003	
1004	
1005	masculin
1006	
1007	
1008	masculin
1009	féminin
1012	
1015	féminin
1016	masculin
1017	masculin
1019	
1020	
1021	
1022	
1023	
1032	
1037	
1038	féminin
1042	féminin
1044	
1047	
1051	
1052	
1053	
1054	
1055	
1046	
1142	
1143	
1144	
1060	
1073	féminin
1074	masculin
2078	féminin
2079	masculin
0012	
0017	
0019	
0028	
0031	
0044	
0046	masculin
0049	
0050	féminin
0052	
0053	
0054	féminin
0055	
0057	
0059	féminin
0060	
0061	masculin
0063	
0064	féminin
0065	masculin
0071	
0079	
0080	
0083	féminin
0084	
0086	
0091	
1002	féminin
1010	
1013	
1014	
1028	masculin
1030	masculin
1039	
1040	
1041	
1048	
1050	féminin
1056	
1058	masculin
1059	
1062	
1063	masculin
1064	masculin
1065	
1066	
1068	masculin
1069	
1070	
1071	
1075	
1076	
1077	
1078	féminin
1079	
1080	
1082	
1087	masculin
1088	féminin
1089	
1090	
1091	
1092	
1094	
1096	
1098	
1099	
1100	
1102	
1103	
1104	
1105	
1112	
1113	
1114	
1118	féminin
1119	
1121	
1123	
1124	
1125	
1126	
1127	
1129	
1130	
1132	
1133	
1134	
1138	
1139	
1140	
1141	
1145	
1148	
1149	
1150	
1151	
1157	
1175	
1182	
1190	
1191	
1196	masculin
1197	
1198	féminin
1199	
1200	
1201	féminin
1024	féminin
1026	
1027	
1029	féminin
1034	
1049	masculin
1061	féminin
1083	
1084	féminin
1085	
1086	
0003	féminin
0006	féminin
0121	
0124	
0125	
0126	
0138	
0145	
0147	
0149	
0155	
0156	
0157	
0159	
0161	
0164	
0169	
0170	
0171	
0172	
0178	
0180	
0186	féminin
0215	
0257	
0274	
0278	
0290	
0291	féminin
0292	
0300	
0303	
0330	
0369	
0371	
0404	
0407	
0409	
0421	
0422	féminin
0424	
0435	masculin
0441	
0476	
0478	
0479	
0482	
0484	
0489	
0500	
0503	
0522	
0535	féminin
0550	
0554	
0556	
0557	
0558	
0560	
0655	
0659	
0660	masculin
